T152 76 0 1 2 1 3 4 3 5 6 7 2 8 9 10 11 12 13 14 15 5 16 17 18 19 20 6 21 0 8 22 23 13 23 9 5 16 24 21 17 3 20 24 21 0 5 25 7 2 8 9 14 10 26 27 14 28 26 13 14 29 30 20 21 0 31 7 26 27 13 32 5 33 34 3 32 5
T153 71 35 36 37 18 19 38 8 37 18 19 17 14 37 14 37 9 39 37 40 41 32 42 8 40 43 30 9 44 4 45 8 46 47 48 47 46 9 42 37 18 19 0 41 4 37 18 40 19 42 49 8 17 14 14 0 14 30 14 50 8 13 32 14 40 9 9 42 34 0 42 51
T150 76 0 1 2 1 3 4 3 5 6 7 2 8 9 10 11 12 13 14 15 5 16 17 18 19 20 6 21 0 8 22 23 13 23 9 5 16 24 21 17 3 20 24 21 0 5 25 7 2 8 9 14 10 26 27 14 28 26 13 14 29 52 20 21 0 31 7 26 27 13 32 5 33 34 3 32 5
T151 71 35 36 53 18 19 38 8 53 18 19 17 14 37 14 37 9 39 37 40 41 32 42 8 40 43 30 9 44 4 45 8 46 47 48 47 46 9 42 53 18 19 0 41 4 53 18 40 19 42 49 8 17 14 14 0 14 30 14 50 8 13 32 14 40 9 9 42 34 0 42 51
T156 76 0 1 2 1 3 4 3 5 6 7 2 8 9 10 11 12 13 14 15 5 16 17 18 19 20 6 21 0 8 22 23 13 23 9 5 16 24 21 17 3 20 24 21 0 5 25 7 2 8 9 14 10 26 27 14 28 26 13 14 29 54 20 21 0 31 7 26 27 13 32 5 33 34 3 32 5
T157 71 35 36 55 18 19 38 8 55 18 19 17 14 37 14 37 9 39 37 40 41 32 42 8 40 43 30 9 44 4 45 8 46 47 48 47 46 9 42 55 18 19 0 41 4 55 18 40 19 42 49 8 17 14 14 0 14 30 14 50 8 13 32 14 40 9 9 42 34 0 42 51
T154 77 0 1 2 1 3 4 3 5 6 7 2 8 9 10 11 12 13 14 15 5 16 17 18 19 20 6 21 0 8 22 23 13 23 9 5 16 24 21 17 3 20 24 21 0 5 25 7 2 8 9 14 10 26 27 14 28 26 13 14 29 56 57 20 21 0 31 7 26 27 13 32 5 33 34 3 32 5
T155 71 35 36 58 18 19 38 8 58 18 19 17 14 37 14 37 9 39 37 40 41 32 42 8 40 43 30 9 44 4 45 8 46 47 48 47 46 9 42 58 18 19 0 41 4 58 18 40 19 42 49 8 17 14 14 0 14 30 14 50 8 13 32 14 40 9 9 42 34 0 42 51
T185 49 35 36 43 48 59 60 8 18 19 3 14 61 43 62 63 48 64 9 39 65 8 64 9 42 66 8 30 14 67 9 68 8 9 69 8 32 48 39 3 18 19 41 70 8 9 42 51 9 42
T158 76 0 1 2 1 3 4 3 5 6 7 2 8 9 10 11 12 13 14 15 5 16 17 18 19 20 6 21 0 8 22 23 13 23 9 5 16 24 21 17 3 20 24 21 0 5 25 7 2 8 9 14 10 26 27 14 28 26 13 14 29 71 20 21 0 31 7 26 27 13 32 5 33 34 3 32 5
T159 71 35 36 72 18 19 38 8 72 18 19 17 14 37 14 37 9 39 37 40 41 32 42 8 40 43 30 9 44 4 45 8 46 47 48 47 46 9 42 72 18 19 0 41 4 72 18 40 19 42 49 8 17 14 14 0 14 30 14 50 8 13 32 14 40 9 9 42 34 0 42 51
T217 22 35 36 73 74 8 53 18 19 3 9 39 34 74 8 3 14 30 14 67 9 42 51
T184 28 75 21 1 3 14 76 14 77 78 64 79 80 21 5 64 79 44 81 14 82 81 83 60 3 84 85 86 5
T72 49 87 1 3 1 88 77 89 87 90 5 3 10 91 92 93 94 1 95 8 91 8 18 19 14 95 9 96 9 97 98 99 5 91 14 100 101 5 3 102 103 21 27 1 88 14 104 105 106 5
T73 34 35 36 43 48 37 107 8 18 19 14 108 14 95 43 62 109 48 110 9 39 34 111 8 14 30 14 112 14 108 14 110 9 42 51
T70 73 87 1 3 1 88 77 89 87 90 5 3 10 91 92 93 94 113 93 21 8 91 8 88 18 19 9 96 9 97 98 99 5 91 14 100 101 5 8 3 102 21 114 95 8 115 14 116 117 9 14 91 94 113 93 21 14 118 100 101 5 9 3 102 103 21 27 1 88 14 104 105 106 5
T71 25 35 36 37 107 8 88 18 19 14 88 108 9 39 34 111 8 14 30 14 112 14 108 9 42 51
T76 44 34 119 120 1 3 58 27 105 121 5 120 3 122 27 3 102 123 21 14 124 125 21 120 3 27 5 126 14 120 3 27 102 21 93 5 127 14 120 3 128 122 27 129 5
T77 68 35 36 130 27 8 58 18 19 14 58 18 19 131 9 39 8 132 9 34 119 42 8 133 134 135 9 34 136 42 37 33 41 112 42 8 137 138 41 33 9 34 136 42 8 37 139 42 43 33 42 140 9 8 18 19 138 41 131 18 19 9 34 136 42 34 119 42 51
T74 44 34 119 120 1 3 53 27 105 121 5 120 3 122 27 3 102 123 21 14 124 125 21 120 3 27 5 126 14 120 3 27 102 21 93 5 127 14 120 3 128 122 27 129 5
T75 68 35 36 130 27 8 53 18 19 14 53 18 19 131 9 39 8 132 9 34 119 42 8 133 134 135 9 34 136 42 37 33 41 112 42 8 137 138 41 33 9 34 136 42 8 37 139 42 43 33 42 140 9 8 18 19 138 41 131 18 19 9 34 136 42 34 119 42 51
T78 44 34 119 120 1 3 141 27 105 121 5 120 3 122 27 3 102 123 21 14 124 125 21 120 3 27 5 126 14 120 3 27 102 21 93 5 127 14 120 3 128 122 27 129 5
T79 68 35 36 130 27 8 141 18 19 14 141 18 19 131 9 39 8 132 9 34 119 42 8 133 134 135 9 34 136 42 37 33 41 112 42 8 137 138 41 33 9 34 136 42 8 37 139 42 43 33 42 140 9 8 18 19 138 41 131 18 19 9 34 136 42 34 119 42 51
T182 148 34 116 142 47 143 144 145 1 3 5 3 102 3 21 14 116 142 102 144 5 96 146 147 148 3 116 5 116 142 149 150 3 151 21 14 152 153 154 8 47 18 19 145 9 5 155 21 156 157 47 14 47 8 158 159 160 9 5 21 147 116 161 8 88 9 14 22 162 3 5 21 163 3 164 165 14 147 116 166 167 168 169 8 163 9 5 21 163 3 128 165 14 147 116 166 96 170 5 171 172 170 14 1 3 102 21 14 102 173 128 105 174 3 14 175 147 116 47 18 176 19 145 5 115 14 3 102 177 128 178 179 47 18 18 176 19 19 145 5 96 34 47 129 145 1 3 129 5
T219 22 35 36 180 74 8 37 18 19 3 9 39 34 74 8 3 14 30 14 67 9 42 51
T194 25 35 36 43 48 181 43 48 181 8 18 19 3 9 39 34 182 8 3 14 183 184 185 9 42 51
T149 71 35 36 186 18 19 38 8 186 18 19 17 14 37 14 37 9 39 37 40 41 32 42 8 40 43 30 9 44 4 45 8 46 47 48 47 46 9 42 186 18 19 0 41 4 186 18 40 19 42 49 8 17 14 14 0 14 30 14 50 8 13 32 14 40 9 9 42 34 0 42 51
T148 79 0 1 2 1 3 4 3 5 6 7 2 8 9 10 11 12 13 14 15 5 16 17 18 19 20 6 21 0 8 22 23 13 23 9 5 16 24 21 17 3 20 24 21 0 5 25 7 2 8 9 14 10 26 27 14 28 26 13 14 29 8 186 9 30 20 21 0 31 7 26 27 13 32 5 33 34 3 32 5
T145 71 35 36 141 18 19 38 8 141 18 19 17 14 37 14 37 9 39 37 40 41 32 42 8 40 43 30 9 44 4 45 8 46 47 48 47 46 9 42 141 18 19 0 41 4 141 18 40 19 42 49 8 17 14 14 0 14 30 14 50 8 13 32 14 40 9 9 42 34 0 42 51
T144 79 0 1 2 1 3 4 3 5 6 7 2 8 9 10 11 12 13 14 15 5 16 17 18 19 20 6 21 0 8 22 23 13 23 9 5 16 24 21 17 3 20 24 21 0 5 25 7 2 8 9 14 10 26 27 14 28 26 13 14 29 8 141 9 30 20 21 0 31 7 26 27 13 32 5 33 34 3 32 5
T147 121 35 36 43 14 187 48 18 19 38 8 187 18 19 17 14 37 14 37 14 188 43 62 63 18 19 48 189 9 39 37 40 41 32 42 8 40 43 30 9 44 4 45 8 46 47 48 47 46 9 42 190 191 8 47 82 145 9 18 19 0 41 8 8 88 9 189 23 8 88 9 88 18 19 192 9 62 8 18 19 9 4 88 18 40 19 193 8 18 19 9 194 8 195 8 9 14 40 9 42 49 8 17 14 14 0 14 30 14 50 8 13 32 14 40 9 9 42 34 0 42 51
T146 81 0 1 2 1 3 4 3 5 6 7 2 8 9 10 11 12 13 14 15 5 16 17 18 19 20 6 21 0 8 22 23 13 23 9 5 16 24 21 17 3 20 24 21 0 5 25 7 2 8 9 14 10 26 27 14 28 26 13 14 29 129 20 21 0 31 7 26 27 13 32 5 33 34 3 32 5 100 3 188 189 5
T141 39 35 36 43 48 18 19 38 8 18 19 17 14 37 14 37 9 39 34 38 8 17 14 14 14 8 188 43 62 63 18 19 48 9 196 8 9 9 42 51
T140 83 0 1 2 1 3 4 3 5 6 7 2 8 9 10 11 12 13 14 15 5 16 17 18 19 20 6 21 0 8 22 23 13 23 9 5 16 24 21 17 3 20 24 21 0 5 25 7 2 8 9 14 10 26 27 14 28 26 13 14 29 129 20 21 0 31 7 26 27 13 32 5 33 34 3 32 5 100 3 197 188 17 3 5
T143 49 35 36 141 18 19 198 8 141 18 19 17 14 37 40 9 39 141 18 19 0 41 4 141 18 40 19 42 49 8 17 14 30 14 0 14 30 14 50 8 13 14 40 9 9 42 34 0 42 51
T142 48 0 1 3 14 199 200 12 8 201 9 0 1 33 5 202 203 17 3 0 14 120 3 102 204 16 5 205 202 203 0 17 14 0 102 8 141 9 30 5 202 206 177 1 33 26 17 3 5
T224 9 34 207 73 1 2 1 3 208 5
T216 7 34 207 73 1 3 208 5
T225 33 35 36 73 74 8 53 18 19 3 14 37 209 14 37 210 9 39 34 211 8 181 8 3 14 209 14 210 9 14 136 9 42 51
T226 13 35 36 212 181 8 53 18 19 3 9 39 34 213
T197 38 35 36 59 214 8 72 18 19 3 14 215 64 9 39 65 8 64 9 42 8 37 41 30 42 43 67 42 140 9 3 18 19 41 216 8 9 42 51
T198 18 34 217 218 1 2 1 3 5 181 219 220 14 221 14 183 14 185 5
T220 7 34 207 222 1 3 208 5
T212 16 34 223 218 1 3 5 181 219 220 14 221 14 183 14 185 5
T221 22 35 36 222 74 8 72 18 19 3 9 39 34 74 8 3 14 30 14 67 9 42 51
T196 35 35 36 43 48 181 43 48 181 8 18 19 3 14 37 209 14 37 210 9 39 34 182 8 3 14 209 14 210 14 183 184 185 9 42 51
T222 9 34 207 222 1 2 1 3 208 5
T89 33 35 36 59 224 8 53 18 19 14 53 225 9 39 8 37 41 30 14 226 41 112 42 43 226 42 140 9 18 19 41 225 42 51
T88 9 227 1 53 16 21 1 3 53 5
T87 87 35 36 130 27 8 88 18 19 14 88 18 19 131 9 39 8 132 9 34 119 42 8 133 134 135 9 34 136 42 37 33 41 112 42 8 137 138 41 33 9 34 136 42 8 37 139 42 43 33 42 140 9 39 88 228 41 18 19 42 88 229 41 131 18 19 42 8 138 8 230 62 231 193 232 8 229 9 9 9 34 136 42 51 34 119 42 51
T86 61 34 119 120 1 3 88 27 105 121 5 120 3 122 27 3 102 123 21 14 124 125 21 120 3 27 5 120 88 233 234 122 27 8 235 62 236 193 237 8 234 9 9 5 126 14 120 3 27 102 21 93 5 127 14 120 3 128 122 27 129 5
T85 73 35 36 130 27 8 55 18 19 14 55 18 19 131 9 39 8 132 9 34 119 42 8 133 134 135 9 34 136 42 37 33 41 112 42 8 137 138 41 33 9 34 136 42 8 37 139 42 43 33 42 140 9 8 238 8 18 19 9 138 239 8 131 18 19 9 9 34 136 42 34 119 42 51
T84 79 34 119 120 1 3 55 27 105 121 5 120 3 122 27 3 102 123 21 14 124 125 21 120 3 27 5 126 14 120 3 27 102 21 93 5 127 14 120 3 128 122 27 129 5 120 55 240 241 122 27 193 4 55 8 240 9 242 8 4 55 8 241 9 9 8 243 23 244 14 96 122 245 27 14 246 247 248 5 9
T83 73 35 36 130 27 8 72 18 19 14 72 18 19 131 9 39 8 132 9 34 119 42 8 133 134 135 9 34 136 42 37 33 41 112 42 8 137 138 41 33 9 34 136 42 8 37 139 42 43 33 42 140 9 8 249 8 18 19 9 138 250 8 131 18 19 9 9 34 136 42 34 119 42 51
T82 79 34 119 120 1 3 72 27 105 121 5 120 3 122 27 3 102 123 21 14 124 125 21 120 3 27 5 126 14 120 3 27 102 21 93 5 127 14 120 3 128 122 27 129 5 120 72 251 252 122 27 193 4 72 8 251 9 242 8 4 72 8 252 9 9 8 243 23 244 14 96 122 245 27 14 253 247 254 5 9
T81 68 35 36 130 27 8 37 18 19 14 37 18 19 131 9 39 8 132 9 34 119 42 8 133 134 135 9 34 136 42 37 33 41 112 42 8 137 138 41 33 9 34 136 42 8 37 139 42 43 33 42 140 9 8 18 19 138 41 131 18 19 9 34 136 42 34 119 42 51
T80 44 34 119 120 1 3 37 27 105 121 5 120 3 122 27 3 102 123 21 14 124 125 21 120 3 27 5 126 14 120 3 27 102 21 93 5 127 14 120 3 128 122 27 129 5
T138 45 0 1 3 14 199 200 136 8 201 9 0 1 33 5 202 203 17 3 0 14 120 3 102 204 16 5 205 202 203 0 17 14 0 102 136 5 202 206 177 1 33 26 17 3 5
T139 49 35 36 130 18 19 198 8 130 18 19 17 14 37 40 9 39 130 18 19 0 41 4 130 18 40 19 42 49 8 17 14 30 14 0 14 30 14 50 8 13 14 40 9 9 42 34 0 42 51
T195 18 34 181 218 1 2 1 3 5 181 219 220 14 221 14 183 14 185 5
T213 22 35 36 223 181 8 72 18 19 3 9 39 34 182 8 3 14 183 184 185 9 42 51
T187 94 35 36 116 255 8 88 18 19 9 39 8 23 129 9 34 47 129 145 42 37 256 41 112 32 257 42 8 256 23 258 9 34 47 18 19 145 42 259 260 41 4 259 8 9 42 261 8 57 18 57 9 42 8 37 41 30 42 42 140 9 39 261 8 161 8 18 19 9 9 42 8 23 256 9 34 261 8 57 19 57 9 262 8 9 42 261 8 47 14 47 9 42 51 51
T130 45 0 1 3 14 199 200 12 8 201 9 0 1 33 5 202 203 17 3 0 14 120 3 102 204 16 5 205 202 203 0 17 14 0 102 52 5 202 206 177 1 33 26 17 3 5
T131 49 35 36 53 18 19 198 8 53 18 19 17 14 37 40 9 39 53 18 19 0 41 4 53 18 40 19 42 49 8 17 14 30 14 0 14 30 14 50 8 13 14 40 9 9 42 34 0 42 51
T132 47 0 1 3 14 199 200 129 157 8 201 9 0 1 33 5 202 203 17 3 0 14 120 3 102 204 16 5 205 202 203 0 17 14 0 102 56 57 5 202 206 177 1 33 26 17 3 5
T133 49 35 36 58 18 19 198 8 58 18 19 17 14 37 40 9 39 58 18 19 0 41 4 58 18 40 19 42 49 8 17 14 30 14 0 14 30 14 50 8 13 14 40 9 9 42 34 0 42 51
T134 45 0 1 3 14 199 200 12 8 201 9 0 1 33 5 202 203 17 3 0 14 120 3 102 204 16 5 205 202 203 0 17 14 0 102 54 5 202 206 177 1 33 26 17 3 5
T135 49 35 36 55 18 19 198 8 55 18 19 17 14 37 40 9 39 55 18 19 0 41 4 55 18 40 19 42 49 8 17 14 30 14 0 14 30 14 50 8 13 14 40 9 9 42 34 0 42 51
T136 45 0 1 3 14 199 200 12 8 201 9 0 1 33 5 202 203 17 3 0 14 120 3 102 204 16 5 205 202 203 0 17 14 0 102 71 5 202 206 177 1 33 26 17 3 5
T137 49 35 36 72 18 19 198 8 72 18 19 17 14 37 40 9 39 72 18 19 0 41 4 72 18 40 19 42 49 8 17 14 30 14 0 14 30 14 50 8 13 14 40 9 9 42 34 0 42 51
T14 125 91 1 2 3 92 93 5 2 91 63 7 263 14 15 14 7 264 14 265 5 263 23 264 14 2 91 266 5 43 267 268 78 269 93 55 16 193 248 23 246 119 270 16 95 271 272 14 26 14 27 205 16 14 273 5 96 77 269 93 274 96 275 8 276 9 193 248 277 272 16 246 270 122 26 205 16 270 16 122 27 5 278 279 193 91 90 280 281 282 283 14 284 285 14 286 287 5 90 288 8 289 290 8 289 9 9 291 292 293 75 294 281 295 296 291 14 297 298 299 8 300 9 281 278 5
T15 42 35 36 59 91 8 55 18 19 14 37 263 14 37 264 9 39 301 8 112 14 263 14 264 9 42 302 8 14 263 14 264 32 257 14 129 14 30 14 30 9 42 51
T16 104 91 1 3 92 303 93 5 43 267 268 78 269 93 72 16 193 254 23 253 119 304 16 95 271 272 14 26 14 27 205 16 14 273 5 96 77 269 93 274 96 305 8 306 9 193 254 277 272 16 253 304 122 26 205 16 304 16 122 27 5 278 279 193 91 90 280 281 282 283 14 284 285 14 286 287 5 90 288 8 289 290 8 289 9 9 291 292 293 75 294 281 295 296 291 14 297 298 299 8 300 9 281 278 5
T17 27 35 36 59 91 8 72 18 19 9 39 302 8 14 30 14 112 32 257 14 129 14 30 14 30 9 42 51
T10 21 35 36 59 91 8 141 18 19 9 39 302 8 14 30 14 112 32 257 9 42 51
T11 36 35 36 59 91 8 141 18 19 14 37 263 14 37 264 9 39 301 8 112 14 263 14 264 9 42 302 8 14 263 14 264 32 257 9 42 51
T12 104 91 1 3 92 303 93 5 43 267 268 78 269 93 55 16 193 248 23 246 119 270 16 95 271 272 14 26 14 27 205 16 14 273 5 96 77 269 93 274 96 275 8 276 9 193 248 277 272 16 246 270 122 26 205 16 270 16 122 27 5 278 279 193 91 90 280 281 282 283 14 284 285 14 286 287 5 90 288 8 289 290 8 289 9 9 291 292 293 75 294 281 295 296 291 14 297 298 299 8 300 9 281 278 5
T13 27 35 36 59 91 8 55 18 19 9 39 302 8 14 30 14 112 32 257 14 129 14 30 14 30 9 42 51
T191 38 35 36 59 214 8 37 18 19 3 14 307 64 9 39 65 8 64 9 42 8 37 41 30 42 43 67 42 140 9 3 18 19 41 308 8 9 42 51
T18 125 91 1 2 3 92 93 5 2 91 63 7 263 14 15 14 7 264 14 265 5 263 23 264 14 2 91 266 5 43 267 268 78 269 93 72 16 193 254 23 253 119 304 16 95 271 272 14 26 14 27 205 16 14 273 5 96 77 269 93 274 96 305 8 306 9 193 254 277 272 16 253 304 122 26 205 16 304 16 122 27 5 278 279 193 91 90 280 281 282 283 14 284 285 14 286 287 5 90 288 8 289 290 8 289 9 9 291 292 293 75 294 281 295 296 291 14 297 298 299 8 300 9 281 278 5
T19 42 35 36 59 91 8 72 18 19 14 37 263 14 37 264 9 39 301 8 112 14 263 14 264 9 42 302 8 14 263 14 264 32 257 14 129 14 30 14 30 9 42 51
T161 71 35 36 130 18 19 38 8 130 18 19 17 14 37 14 37 9 39 37 40 41 32 42 8 40 43 30 9 44 4 45 8 46 47 48 47 46 9 42 130 18 19 0 41 4 130 18 40 19 42 49 8 17 14 14 0 14 30 14 50 8 13 32 14 40 9 9 42 34 0 42 51
T160 76 0 1 2 1 3 4 3 5 6 7 2 8 9 10 11 12 13 14 15 5 16 17 18 19 20 6 21 0 8 22 23 13 23 9 5 16 24 21 17 3 20 24 21 0 5 25 7 2 8 9 14 10 26 27 14 28 26 13 14 29 136 20 21 0 31 7 26 27 13 32 5 33 34 3 32 5
T98 9 227 1 186 16 21 1 3 186 5
T99 33 35 36 59 224 8 186 18 19 14 186 225 9 39 8 37 41 30 14 226 41 112 42 43 226 42 140 9 18 19 41 225 42 51
T94 9 227 1 37 16 21 1 3 37 5
T95 33 35 36 59 224 8 37 18 19 14 37 225 9 39 8 37 41 30 14 226 41 112 42 43 226 42 140 9 18 19 41 225 42 51
T96 32 227 1 37 16 21 1 2 1 3 37 5 2 224 63 7 263 14 15 14 7 264 14 265 5 8 309 14 2 224 266 5 9
T97 44 35 36 59 224 8 37 18 19 14 37 263 14 37 264 14 37 225 9 39 301 8 112 14 263 14 264 9 42 8 37 41 263 42 43 264 42 140 9 18 19 41 225 42 51
T90 32 227 1 53 16 21 1 2 1 3 53 5 2 224 63 7 263 14 15 14 7 264 14 265 5 8 309 14 2 224 266 5 9
T91 44 35 36 59 224 8 53 18 19 14 37 263 14 37 264 14 53 225 9 39 301 8 112 14 263 14 264 9 42 8 37 41 263 42 43 264 42 140 9 18 19 41 225 42 51
T92 44 34 119 120 1 3 130 27 105 121 5 120 3 122 27 3 102 123 21 14 124 125 21 120 3 27 5 126 14 120 3 27 102 21 93 5 127 14 120 3 128 122 27 129 5
T93 68 35 36 130 27 8 130 18 19 14 130 18 19 131 9 39 8 132 9 34 119 42 8 133 134 135 9 34 136 42 37 33 41 112 42 8 137 138 41 33 9 34 136 42 8 37 139 42 43 33 42 140 9 8 18 19 138 41 131 18 19 9 34 136 42 34 119 42 51
T129 49 35 36 186 18 19 198 8 186 18 19 17 14 37 40 9 39 186 18 19 0 41 4 186 18 40 19 42 49 8 17 14 30 14 0 14 30 14 50 8 13 14 40 9 9 42 34 0 42 51
T128 48 0 1 3 14 199 200 12 8 201 9 0 1 33 5 202 203 17 3 0 14 120 3 102 204 16 5 205 202 203 0 17 14 0 102 8 186 9 30 5 202 206 177 1 33 26 17 3 5
T123 33 35 36 59 224 8 72 18 19 14 72 225 9 39 8 37 41 30 14 226 41 112 42 43 226 42 140 9 18 19 41 225 42 51
T122 9 227 1 72 16 21 1 3 72 5
T121 33 35 36 43 48 18 19 198 8 18 19 17 14 37 40 9 39 34 8 18 19 9 198 8 17 14 40 14 196 8 9 9 42 51
T120 52 0 1 3 14 199 200 129 8 201 9 0 1 33 5 202 203 17 3 0 14 120 3 102 204 16 5 205 202 203 0 17 14 0 102 129 5 202 206 177 1 33 26 17 3 5 100 3 197 188 17 3 5
T127 49 35 36 37 18 19 198 8 37 18 19 17 14 37 40 9 39 37 18 19 0 41 4 37 18 40 19 42 49 8 17 14 30 14 0 14 30 14 50 8 13 14 40 9 9 42 34 0 42 51
T126 45 0 1 3 14 199 200 12 8 201 9 0 1 33 5 202 203 17 3 0 14 120 3 102 204 16 5 205 202 203 0 17 14 0 102 30 5 202 206 177 1 33 26 17 3 5
T125 99 35 36 43 14 187 48 18 19 198 8 187 18 19 17 14 37 40 14 188 43 62 63 18 19 48 189 9 39 190 191 8 47 82 145 9 18 19 0 41 8 8 88 9 189 23 8 88 9 88 18 19 192 9 62 8 18 19 9 4 88 18 40 19 193 8 18 19 9 194 8 195 8 9 14 40 9 42 49 8 17 14 30 14 0 14 30 14 50 8 13 14 40 9 9 42 34 0 42 51
T124 50 0 1 3 14 199 200 129 8 201 9 0 1 33 5 202 203 17 3 0 14 120 3 102 204 16 5 205 202 203 0 17 14 0 102 129 5 202 206 177 1 33 26 17 3 5 100 3 188 189 5
T29 97 35 36 59 310 8 53 18 19 9 39 37 289 41 112 14 311 14 312 42 8 289 43 41 313 134 8 311 41 314 8 9 9 23 257 9 302 8 14 30 14 289 32 257 14 129 14 30 14 30 9 42 315 4 316 8 129 14 14 4 53 18 289 19 14 30 14 289 14 30 14 8 8 312 41 289 317 8 311 43 43 318 9 9 43 41 313 9 62 313 193 312 9 319 8 9 42 51
T28 114 35 36 59 310 8 37 18 19 14 37 263 14 37 264 9 39 301 8 112 14 263 14 264 9 42 37 289 41 264 32 263 14 311 14 312 42 8 289 43 41 313 134 8 311 41 314 8 9 9 23 257 9 302 8 14 263 14 264 32 257 14 129 14 30 14 30 9 42 315 4 320 8 129 14 14 4 37 18 289 19 14 263 14 289 14 30 14 8 8 312 41 289 317 8 311 43 43 318 9 9 43 41 313 9 62 313 193 312 9 319 8 9 42 51
T169 91 35 36 116 255 8 186 18 19 9 39 8 23 129 9 34 47 129 145 42 37 256 41 112 32 257 42 8 256 23 258 9 34 47 18 19 145 42 259 260 41 4 259 8 9 42 261 8 57 18 57 9 42 8 37 41 30 42 42 140 9 39 261 8 18 19 9 42 8 23 256 9 34 261 8 57 19 57 9 262 8 9 42 261 8 47 14 47 9 42 51 51
T193 16 34 181 218 1 3 5 181 219 220 14 221 14 183 14 185 5
T21 108 35 36 59 310 8 141 18 19 14 37 263 14 37 264 9 39 301 8 112 14 263 14 264 9 42 37 289 41 264 32 263 14 311 14 312 42 8 289 43 41 313 134 8 311 41 314 8 9 9 23 257 9 302 8 14 263 14 264 32 257 9 42 315 4 321 8 129 14 14 4 141 18 289 19 14 263 14 289 14 30 14 8 8 312 41 289 317 8 311 43 43 318 9 9 43 41 313 9 62 313 193 312 9 319 8 9 42 51
T20 29 91 1 2 3 92 303 93 5 2 91 63 7 263 14 15 14 7 264 14 265 5 263 23 264 14 2 91 266 5
T23 97 35 36 59 310 8 58 18 19 9 39 37 289 41 112 14 311 14 312 42 8 289 43 41 313 134 8 311 41 314 8 9 9 23 257 9 302 8 14 30 14 289 32 257 14 129 14 30 14 30 9 42 315 4 322 8 129 14 14 4 58 18 289 19 14 30 14 289 14 30 14 8 8 312 41 289 317 8 311 43 43 318 9 9 43 41 313 9 62 313 193 312 9 319 8 9 42 51
T22 7 91 1 3 92 303 93 5
T25 97 35 36 59 310 8 186 18 19 9 39 37 289 41 112 14 311 14 312 42 8 289 43 41 313 134 8 311 41 314 8 9 9 23 257 9 302 8 14 30 14 289 32 257 14 129 14 30 14 30 9 42 315 4 323 8 129 14 14 4 186 18 289 19 14 30 14 289 14 30 14 8 8 312 41 289 317 8 311 43 43 318 9 9 43 41 313 9 62 313 193 312 9 319 8 9 42 51
T24 91 35 36 59 310 8 141 18 19 9 39 37 289 41 112 14 311 14 312 42 8 289 43 41 313 134 8 311 41 314 8 9 9 23 257 9 302 8 14 30 14 289 32 257 9 42 315 4 321 8 129 14 14 4 141 18 289 19 14 30 14 289 14 30 14 8 8 312 41 289 317 8 311 43 43 318 9 9 43 41 313 9 62 313 193 312 9 319 8 9 42 51
T27 97 35 36 59 310 8 37 18 19 9 39 37 289 41 112 14 311 14 312 42 8 289 43 41 313 134 8 311 41 314 8 9 9 23 257 9 302 8 14 30 14 289 32 257 14 129 14 30 14 30 9 42 315 4 320 8 129 14 14 4 37 18 289 19 14 30 14 289 14 30 14 8 8 312 41 289 317 8 311 43 43 318 9 9 43 41 313 9 62 313 193 312 9 319 8 9 42 51
T26 114 35 36 59 310 8 186 18 19 14 37 263 14 37 264 9 39 301 8 112 14 263 14 264 9 42 37 289 41 264 32 263 14 311 14 312 42 8 289 43 41 313 134 8 311 41 314 8 9 9 23 257 9 302 8 14 263 14 264 32 257 14 129 14 30 14 30 9 42 315 4 323 8 129 14 14 4 186 18 289 19 14 263 14 289 14 30 14 8 8 312 41 289 317 8 311 43 43 318 9 9 43 41 313 9 62 313 193 312 9 319 8 9 42 51
T192 44 35 36 59 60 8 72 18 19 3 14 215 64 9 39 65 8 64 9 42 66 8 30 14 67 9 68 8 9 69 8 32 48 39 3 18 19 41 216 8 9 42 51 9 42
T189 38 35 36 59 214 8 53 18 19 3 14 324 64 9 39 65 8 64 9 42 8 37 41 30 42 43 67 42 140 9 3 18 19 41 325 8 9 42 51
T190 44 35 36 59 60 8 53 18 19 3 14 324 64 9 39 65 8 64 9 42 66 8 30 14 67 9 68 8 9 69 8 32 48 39 3 18 19 41 325 8 9 42 51 9 42
T188 44 35 36 59 60 8 37 18 19 3 14 307 64 9 39 65 8 64 9 42 66 8 30 14 67 9 68 8 9 69 8 32 48 39 3 18 19 41 308 8 9 42 51 9 42
T38 82 91 1 2 3 92 303 93 5 2 91 63 7 263 14 15 14 7 264 14 265 5 263 23 264 14 2 91 266 5 43 267 268 78 269 93 72 16 193 254 23 253 119 304 16 95 271 272 14 26 14 27 205 16 14 273 5 96 77 269 93 274 96 305 8 306 9 193 254 277 272 16 253 304 122 26 205 16 304 16 122 27 5
T39 114 35 36 59 310 8 72 18 19 14 37 263 14 37 264 9 39 301 8 112 14 263 14 264 9 42 37 289 41 264 32 263 14 311 14 312 42 8 289 43 41 313 134 8 311 41 314 8 9 9 23 257 9 302 8 14 263 14 264 32 257 14 129 14 30 14 30 9 42 315 4 326 8 129 14 14 4 72 18 289 19 14 263 14 289 14 30 14 8 8 312 41 289 317 8 311 43 43 318 9 9 43 41 313 9 62 313 193 312 9 319 8 9 42 51
T36 60 91 1 3 92 303 93 5 43 267 268 78 269 93 72 16 193 254 23 253 119 304 16 95 271 272 14 26 14 27 205 16 14 273 5 96 77 269 93 274 96 305 8 306 9 193 254 277 272 16 253 304 122 26 205 16 304 16 122 27 5
T37 97 35 36 59 310 8 72 18 19 9 39 37 289 41 112 14 311 14 312 42 8 289 43 41 313 134 8 311 41 314 8 9 9 23 257 9 302 8 14 30 14 289 32 257 14 129 14 30 14 30 9 42 315 4 326 8 129 14 14 4 72 18 289 19 14 30 14 289 14 30 14 8 8 312 41 289 317 8 311 43 43 318 9 9 43 41 313 9 62 313 193 312 9 319 8 9 42 51
T34 82 91 1 2 3 92 303 93 5 2 91 63 7 263 14 15 14 7 264 14 265 5 263 23 264 14 2 91 266 5 43 267 268 78 269 93 55 16 193 248 23 246 119 270 16 95 271 272 14 26 14 27 205 16 14 273 5 96 77 269 93 274 96 275 8 276 9 193 248 277 272 16 246 270 122 26 205 16 270 16 122 27 5
T35 114 35 36 59 310 8 55 18 19 14 37 263 14 37 264 9 39 301 8 112 14 263 14 264 9 42 37 289 41 264 32 263 14 311 14 312 42 8 289 43 41 313 134 8 311 41 314 8 9 9 23 257 9 302 8 14 263 14 264 32 257 14 129 14 30 14 30 9 42 315 4 327 8 129 14 14 4 55 18 289 19 14 263 14 289 14 30 14 8 8 312 41 289 317 8 311 43 43 318 9 9 43 41 313 9 62 313 193 312 9 319 8 9 42 51
T32 60 91 1 3 92 303 93 5 43 267 268 78 269 93 55 16 193 248 23 246 119 270 16 95 271 272 14 26 14 27 205 16 14 273 5 96 77 269 93 274 96 275 8 276 9 193 248 277 272 16 246 270 122 26 205 16 270 16 122 27 5
T33 97 35 36 59 310 8 55 18 19 9 39 37 289 41 112 14 311 14 312 42 8 289 43 41 313 134 8 311 41 314 8 9 9 23 257 9 302 8 14 30 14 289 32 257 14 129 14 30 14 30 9 42 315 4 327 8 129 14 14 4 55 18 289 19 14 30 14 289 14 30 14 8 8 312 41 289 317 8 311 43 43 318 9 9 43 41 313 9 62 313 193 312 9 319 8 9 42 51
T30 114 35 36 59 310 8 53 18 19 14 37 263 14 37 264 9 39 301 8 112 14 263 14 264 9 42 37 289 41 264 32 263 14 311 14 312 42 8 289 43 41 313 134 8 311 41 314 8 9 9 23 257 9 302 8 14 263 14 264 32 257 14 129 14 30 14 30 9 42 315 4 316 8 129 14 14 4 53 18 289 19 14 263 14 289 14 30 14 8 8 312 41 289 317 8 311 43 43 318 9 9 43 41 313 9 62 313 193 312 9 319 8 9 42 51
T31 114 35 36 59 310 8 58 18 19 14 37 263 14 37 264 9 39 301 8 112 14 263 14 264 9 42 37 289 41 264 32 263 14 311 14 312 42 8 289 43 41 313 134 8 311 41 314 8 9 9 23 257 9 302 8 14 263 14 264 32 257 14 129 14 30 14 30 9 42 315 4 322 8 129 14 14 4 58 18 289 19 14 263 14 289 14 30 14 8 8 312 41 289 317 8 311 43 43 318 9 9 43 41 313 9 62 313 193 312 9 319 8 9 42 51
T208 18 34 223 218 1 2 1 3 5 181 219 220 14 221 14 183 14 185 5
T209 32 35 36 223 181 8 72 18 19 3 14 37 209 14 37 210 9 39 34 182 8 3 14 209 14 210 14 183 184 185 9 42 51
T202 18 34 212 218 1 2 1 3 5 181 219 220 14 221 14 183 14 185 5
T203 32 35 36 212 181 8 53 18 19 3 14 37 209 14 37 210 9 39 34 182 8 3 14 209 14 210 14 183 184 185 9 42 51
T200 16 34 212 218 1 3 5 181 219 220 14 221 14 183 14 185 5
T201 22 35 36 212 181 8 53 18 19 3 9 39 34 182 8 3 14 183 184 185 9 42 51
T206 7 34 207 74 1 3 208 5
T207 25 35 36 43 48 74 43 48 74 8 18 19 3 9 39 34 74 8 3 14 30 14 67 9 42 51
T204 16 34 217 218 1 3 5 181 219 220 14 221 14 183 14 185 5
T205 22 35 36 217 181 8 37 18 19 3 9 39 34 182 8 3 14 183 184 185 9 42 51
T186 49 34 116 142 144 1 3 5 3 102 3 21 14 147 116 328 8 9 96 329 88 14 330 204 331 144 5 16 34 96 27 16 178 34 332 8 9 262 8 9 14 22 129 14 29 47 129 145 34 5
T223 33 35 36 222 74 8 72 18 19 3 14 37 209 14 37 210 9 39 34 333 8 181 8 3 14 209 14 210 9 14 136 9 42 51
T218 7 34 207 180 1 3 208 5
T215 33 35 36 180 74 8 37 18 19 3 14 37 209 14 37 210 9 39 34 334 8 181 8 3 14 209 14 210 9 14 136 9 42 51
T214 9 34 207 180 1 2 1 3 208 5
T49 47 35 36 43 48 59 335 8 18 19 3 14 336 43 48 337 9 39 65 8 337 9 42 8 67 48 30 9 4 338 43 48 8 129 14 337 14 3 14 30 14 67 9 319 8 9 42 51
T48 54 339 14 76 14 21 340 3 20 14 77 341 79 5 115 3 6 342 18 318 14 257 14 30 14 343 19 244 291 344 14 345 34 3 342 18 318 14 343 14 343 14 346 19 5 76 347 80 348 349 207 350 351 3 5
T211 36 35 36 43 48 74 43 48 74 8 18 19 3 14 37 209 14 37 210 9 39 34 352 8 181 8 3 14 209 14 210 9 14 136 9 42 51
T210 9 34 207 74 1 2 1 3 208 5
T168 52 34 116 142 144 1 3 5 116 142 149 150 3 151 21 14 152 153 154 8 47 18 19 145 9 5 155 21 156 157 47 14 47 8 158 159 160 9 5 21 147 116 161 8 186 9 5 34 47 129 145 129 5
T199 32 35 36 217 181 8 37 18 19 3 14 37 209 14 37 210 9 39 34 182 8 3 14 209 14 210 14 183 184 185 9 42 51
T43 33 35 36 59 91 8 88 18 19 9 39 8 353 9 354 8 9 42 315 355 8 14 30 14 112 14 129 14 30 14 30 9 42 51
T42 186 91 1 3 88 92 93 14 94 113 93 21 5 21 3 10 278 95 356 5 357 14 21 3 10 114 95 8 14 358 8 234 9 10 44 359 205 21 233 234 3 9 5 91 104 360 193 27 21 361 100 91 5 278 279 193 278 360 14 362 14 363 364 365 366 367 289 368 8 289 9 369 370 3 371 91 14 288 291 299 364 370 3 372 93 5 370 3 373 91 14 278 365 374 289 369 5 375 376 365 377 378 379 373 91 370 3 380 88 128 372 93 370 3 5 278 381 27 382 92 383 93 370 3 14 381 382 92 383 93 384 385 370 3 5 386 387 120 91 3 193 388 389 3 91 100 3 5 278 362 390 391 151 150 91 392 8 393 9 5 77 394 391 395 151 47 396 91 397 398 399 145 14 400 401 402 403 404 405 90 14 406 407 14 408 409 5
T41 118 35 36 43 63 95 43 62 109 48 48 59 310 8 18 19 9 39 37 289 41 112 14 311 14 312 42 8 289 43 41 313 134 8 311 41 314 8 9 9 23 257 9 410 8 14 30 14 289 14 411 14 129 14 30 14 30 9 42 315 4 412 43 48 8 129 14 14 8 18 19 9 194 8 413 8 9 414 8 9 14 289 9 14 30 14 289 14 30 14 8 8 312 41 289 317 8 311 43 43 318 9 9 43 41 313 9 62 313 193 312 14 411 9 319 8 9 42 51
T40 52 91 1 3 88 92 93 14 94 113 93 21 5 21 3 10 278 95 356 5 357 14 21 3 10 114 95 8 14 358 8 234 9 10 44 359 205 21 233 234 3 9 5 91 104 360 193 27 21 361 100 91 5
T47 128 35 36 43 48 59 310 8 18 19 14 95 43 62 109 48 415 9 39 8 415 23 129 9 415 41 411 42 37 289 41 112 14 311 14 312 42 8 289 43 41 313 134 8 311 41 314 8 9 9 23 257 9 410 8 14 30 14 289 14 415 14 129 14 30 14 30 9 42 315 4 412 43 48 8 129 14 14 8 18 19 9 194 8 413 8 9 414 8 9 14 289 9 14 30 14 289 14 30 14 8 8 312 41 289 317 8 311 43 43 318 9 9 43 41 313 9 62 313 193 312 14 415 9 319 8 9 42 51
T46 45 91 1 3 88 94 93 416 1 95 5 21 3 10 114 95 1 95 8 14 417 8 233 14 234 9 10 44 359 205 21 233 234 3 9 5 91 104 360 193 27 21 361 100 91 5
T45 52 35 36 59 91 8 88 18 19 14 37 263 14 37 264 9 39 301 8 112 14 263 14 264 9 42 8 353 9 354 8 14 263 14 264 9 42 315 355 8 14 263 14 264 14 129 14 30 14 30 9 42 51
T44 209 91 1 2 1 3 88 92 93 14 94 113 93 21 5 2 91 63 7 263 14 15 14 7 264 14 265 5 8 309 14 2 91 266 5 9 21 2 10 278 95 356 5 357 14 21 2 10 114 95 8 14 358 8 234 9 10 44 359 205 21 233 234 3 9 5 91 104 360 193 27 21 361 100 91 5 278 279 193 278 360 14 362 14 363 364 365 366 367 289 368 8 289 9 369 370 3 371 91 14 288 291 299 364 370 3 372 93 5 370 3 373 91 14 278 365 374 289 369 5 375 376 365 377 378 379 373 91 370 3 380 88 128 372 93 370 3 5 278 381 27 382 92 383 93 370 3 14 381 382 92 383 93 384 385 370 3 5 386 387 120 91 3 193 388 389 3 91 100 3 5 278 362 390 391 151 150 91 392 8 393 9 5 77 394 391 395 151 47 396 91 397 398 399 145 14 400 401 402 403 404 405 90 14 406 407 14 408 409 5
T116 9 227 1 88 128 21 1 3 88 5
T117 33 35 36 59 224 8 88 18 19 14 88 225 9 39 8 37 41 30 14 226 41 112 42 43 226 42 140 9 18 19 41 225 42 51
T114 32 227 1 55 16 21 1 2 1 3 55 5 2 224 63 7 263 14 15 14 7 264 14 265 5 8 309 14 2 224 266 5 9
T115 44 35 36 59 224 8 55 18 19 14 37 263 14 37 264 14 55 225 9 39 301 8 112 14 263 14 264 9 42 8 37 41 263 42 43 264 42 140 9 18 19 41 225 42 51
T112 9 227 1 55 16 21 1 3 55 5
T113 33 35 36 59 224 8 55 18 19 14 55 225 9 39 8 37 41 30 14 226 41 112 42 43 226 42 140 9 18 19 41 225 42 51
T110 32 227 1 141 16 21 1 2 1 3 141 5 2 224 63 7 263 14 15 14 7 264 14 265 5 8 309 14 2 224 266 5 9
T111 44 35 36 59 224 8 141 18 19 14 37 263 14 37 264 14 141 225 9 39 301 8 112 14 263 14 264 9 42 8 37 41 263 42 43 264 42 140 9 18 19 41 225 42 51
T118 32 227 1 88 128 21 1 2 1 3 88 5 2 224 63 7 263 14 15 14 7 264 14 265 5 8 309 14 2 224 266 5 9
T119 44 35 36 59 224 8 88 18 19 14 37 263 14 37 264 14 88 225 9 39 301 8 112 14 263 14 264 9 42 8 37 41 263 42 43 264 42 140 9 18 19 41 225 42 51
T174 52 34 116 142 144 1 3 5 116 142 149 150 3 151 21 14 152 153 154 8 47 18 19 145 9 5 155 21 156 157 47 14 47 8 158 159 160 9 5 21 147 116 161 8 55 9 5 34 47 129 145 129 5
T175 91 35 36 116 255 8 55 18 19 9 39 8 23 129 9 34 47 129 145 42 37 256 41 112 32 257 42 8 256 23 258 9 34 47 18 19 145 42 259 260 41 4 259 8 9 42 261 8 57 18 57 9 42 8 37 41 30 42 42 140 9 39 261 8 18 19 9 42 8 23 256 9 34 261 8 57 19 57 9 262 8 9 42 261 8 47 14 47 9 42 51 51
T176 52 34 116 142 144 1 3 5 116 142 149 150 3 151 21 14 152 153 154 8 47 18 19 145 9 5 155 21 156 157 47 14 47 8 158 159 160 9 5 21 147 116 161 8 72 9 5 34 47 129 145 129 5
T177 91 35 36 116 255 8 72 18 19 9 39 8 23 129 9 34 47 129 145 42 37 256 41 112 32 257 42 8 256 23 258 9 34 47 18 19 145 42 259 260 41 4 259 8 9 42 261 8 57 18 57 9 42 8 37 41 30 42 42 140 9 39 261 8 18 19 9 42 8 23 256 9 34 261 8 57 19 57 9 262 8 9 42 261 8 47 14 47 9 42 51 51
T170 52 34 116 142 144 1 3 5 116 142 149 150 3 151 21 14 152 153 154 8 47 18 19 145 9 5 155 21 156 157 47 14 47 8 158 159 160 9 5 21 147 116 161 8 58 9 5 34 47 129 145 129 5
T171 91 35 36 116 255 8 58 18 19 9 39 8 23 129 9 34 47 129 145 42 37 256 41 112 32 257 42 8 256 23 258 9 34 47 18 19 145 42 259 260 41 4 259 8 9 42 261 8 57 18 57 9 42 8 37 41 30 42 42 140 9 39 261 8 18 19 9 42 8 23 256 9 34 261 8 57 19 57 9 262 8 9 42 261 8 47 14 47 9 42 51 51
T172 52 34 116 142 144 1 3 5 116 142 149 150 3 151 21 14 152 153 154 8 47 18 19 145 9 5 155 21 156 157 47 14 47 8 158 159 160 9 5 21 147 116 161 8 141 9 5 34 47 129 145 129 5
T173 91 35 36 116 255 8 141 18 19 9 39 8 23 129 9 34 47 129 145 42 37 256 41 112 32 257 42 8 256 23 258 9 34 47 18 19 145 42 259 260 41 4 259 8 9 42 261 8 57 18 57 9 42 8 37 41 30 42 42 140 9 39 261 8 18 19 9 42 8 23 256 9 34 261 8 57 19 57 9 262 8 9 42 261 8 47 14 47 9 42 51 51
T178 52 34 116 142 144 1 3 5 116 142 149 150 3 151 21 14 152 153 154 8 47 18 19 145 9 5 155 21 156 157 47 14 47 8 158 159 160 9 5 21 147 116 161 8 130 9 5 34 47 129 145 129 5
T179 91 35 36 116 255 8 130 18 19 9 39 8 23 129 9 34 47 129 145 42 37 256 41 112 32 257 42 8 256 23 258 9 34 47 18 19 145 42 259 260 41 4 259 8 9 42 261 8 57 18 57 9 42 8 37 41 30 42 42 140 9 39 261 8 18 19 9 42 8 23 256 9 34 261 8 57 19 57 9 262 8 9 42 261 8 47 14 47 9 42 51 51
T58 43 87 1 3 37 1 16 77 89 87 90 5 3 10 91 8 91 8 37 18 19 9 96 9 97 98 99 5 91 14 100 101 5 3 102 103 21 1 16 14 104 105 106 5
T59 25 35 36 37 107 8 37 18 19 14 37 108 9 39 34 111 8 14 30 14 112 14 108 9 42 51
T50 42 35 36 59 335 8 53 18 19 3 14 418 337 9 39 65 8 337 9 42 8 67 48 30 9 4 419 8 129 14 337 14 3 14 30 14 67 9 319 8 9 42 51
T51 179 91 1 3 88 94 93 416 1 95 5 21 3 10 114 95 1 95 8 14 417 8 233 14 234 9 10 44 359 205 21 233 234 3 9 5 91 104 360 193 27 21 361 100 91 5 278 279 193 278 360 14 362 14 363 364 365 366 367 289 368 8 289 9 369 370 3 371 91 14 288 291 299 364 370 3 372 93 5 370 3 373 91 14 278 365 374 289 369 5 375 376 365 377 378 379 373 91 370 3 380 88 128 372 93 370 3 5 278 381 27 382 92 383 93 370 3 14 381 382 92 383 93 384 385 370 3 5 386 387 120 91 3 193 388 389 3 91 100 3 5 278 362 390 391 151 150 91 392 8 393 9 5 77 394 391 395 151 47 396 91 397 398 399 145 14 400 401 402 403 404 405 90 14 406 407 14 408 409 5
T52 58 35 36 43 48 59 91 8 18 19 14 95 43 62 109 48 110 9 39 8 110 23 129 9 39 91 8 9 42 51 315 39 8 353 9 354 8 14 110 9 42 315 410 8 14 30 14 112 14 110 14 129 14 30 14 30 9 42 51
T53 72 339 14 76 14 21 340 3 20 14 77 341 79 5 115 3 6 342 18 420 14 421 14 422 14 423 19 244 291 344 14 345 34 3 342 18 420 14 423 14 423 14 424 19 5 76 347 80 348 349 207 350 351 3 5 425 426 244 28 427 428 14 34 100 28 204 16 178 429 244 291 207 5
T54 42 35 36 59 335 8 72 18 19 3 14 430 337 9 39 65 8 337 9 42 8 67 48 30 9 4 431 8 129 14 337 14 3 14 30 14 67 9 319 8 9 42 51
T55 42 35 36 59 335 8 37 18 19 3 14 432 337 9 39 65 8 337 9 42 8 67 48 30 9 4 433 8 129 14 337 14 3 14 30 14 67 9 319 8 9 42 51
T56 43 87 1 3 53 1 16 77 89 87 90 5 3 10 91 8 91 8 53 18 19 9 96 9 97 98 99 5 91 14 100 101 5 3 102 103 21 1 16 14 104 105 106 5
T57 25 35 36 37 107 8 53 18 19 14 53 108 9 39 34 111 8 14 30 14 112 14 108 9 42 51
T101 44 35 36 59 224 8 186 18 19 14 37 263 14 37 264 14 186 225 9 39 301 8 112 14 263 14 264 9 42 8 37 41 263 42 43 264 42 140 9 18 19 41 225 42 51
T100 32 227 1 186 16 21 1 2 1 3 186 5 2 224 63 7 263 14 15 14 7 264 14 265 5 8 309 14 2 224 266 5 9
T103 33 35 36 59 224 8 58 18 19 14 58 225 9 39 8 37 41 30 14 226 41 112 42 43 226 42 140 9 18 19 41 225 42 51
T102 9 227 1 58 16 21 1 3 58 5
T105 44 35 36 59 224 8 58 18 19 14 37 263 14 37 264 14 58 225 9 39 301 8 112 14 263 14 264 9 42 8 37 41 263 42 43 264 42 140 9 18 19 41 225 42 51
T104 32 227 1 58 16 21 1 2 1 3 58 5 2 224 63 7 263 14 15 14 7 264 14 265 5 8 309 14 2 224 266 5 9
T107 33 35 36 59 224 8 141 18 19 14 141 225 9 39 8 37 41 30 14 226 41 112 42 43 226 42 140 9 18 19 41 225 42 51
T106 9 227 1 141 16 21 1 3 141 5
T109 33 35 36 59 224 8 130 18 19 14 130 225 9 39 8 37 41 30 14 226 41 112 42 43 226 42 140 9 18 19 41 225 42 51
T108 9 227 1 130 16 21 1 3 130 5
T167 91 35 36 116 255 8 53 18 19 9 39 8 23 129 9 34 47 129 145 42 37 256 41 112 32 257 42 8 256 23 258 9 34 47 18 19 145 42 259 260 41 4 259 8 9 42 261 8 57 18 57 9 42 8 37 41 30 42 42 140 9 39 261 8 18 19 9 42 8 23 256 9 34 261 8 57 19 57 9 262 8 9 42 261 8 47 14 47 9 42 51 51
T166 52 34 116 142 144 1 3 5 116 142 149 150 3 151 21 14 152 153 154 8 47 18 19 145 9 5 155 21 156 157 47 14 47 8 158 159 160 9 5 21 147 116 161 8 53 9 5 34 47 129 145 129 5
T165 91 35 36 116 255 8 37 18 19 9 39 8 23 129 9 34 47 129 145 42 37 256 41 112 32 257 42 8 256 23 258 9 34 47 18 19 145 42 259 260 41 4 259 8 9 42 261 8 57 18 57 9 42 8 37 41 30 42 42 140 9 39 261 8 18 19 9 42 8 23 256 9 34 261 8 57 19 57 9 262 8 9 42 261 8 47 14 47 9 42 51 51
T164 52 34 116 142 144 1 3 5 116 142 149 150 3 151 21 14 152 153 154 8 47 18 19 145 9 5 155 21 156 157 47 14 47 8 158 159 160 9 5 21 147 116 161 8 37 9 5 34 47 129 145 129 5
T163 116 35 36 130 434 8 88 18 19 435 14 88 18 19 131 9 39 8 435 23 131 9 34 119 42 8 435 23 129 134 135 9 34 136 42 37 33 41 436 42 8 137 138 41 33 9 34 136 42 8 37 41 30 42 43 33 42 140 9 39 88 233 41 435 18 19 42 88 234 41 131 18 19 42 8 233 23 234 9 437 42 8 233 23 129 9 34 136 42 438 439 440 120 21 27 130 441 41 442 8 233 14 234 9 42 8 138 441 9 34 136 42 51 34 119 42 51
T162 135 34 119 120 1 3 443 27 105 121 5 243 27 8 88 18 19 14 88 18 19 9 96 14 96 167 77 444 3 445 446 5 120 3 128 122 443 27 129 14 128 3 102 123 21 124 125 21 120 3 443 27 5 120 447 129 21 233 234 443 27 205 159 448 342 193 233 234 3 88 128 165 14 449 8 233 14 234 9 178 34 119 233 234 3 164 165 14 167 168 450 8 233 14 234 9 178 34 119 5 233 23 234 237 8 234 9 178 34 119 5 279 451 452 129 21 205 446 5 453 1 3 102 162 21 453 454 173 105 174 3 14 455 96 101 5
T8 42 35 36 59 91 8 37 18 19 14 37 263 14 37 264 9 39 301 8 112 14 263 14 264 9 42 302 8 14 263 14 264 32 257 14 129 14 30 14 30 9 42 51
T9 42 35 36 59 91 8 58 18 19 14 37 263 14 37 264 9 39 301 8 112 14 263 14 264 9 42 302 8 14 263 14 264 32 257 14 129 14 30 14 30 9 42 51
T6 42 35 36 59 91 8 186 18 19 14 37 263 14 37 264 9 39 301 8 112 14 263 14 264 9 42 302 8 14 263 14 264 32 257 14 129 14 30 14 30 9 42 51
T7 27 35 36 59 91 8 58 18 19 9 39 302 8 14 30 14 112 32 257 14 129 14 30 14 30 9 42 51
T4 42 35 36 59 91 8 53 18 19 14 37 263 14 37 264 9 39 301 8 112 14 263 14 264 9 42 302 8 14 263 14 264 32 257 14 129 14 30 14 30 9 42 51
T5 27 35 36 59 91 8 186 18 19 9 39 302 8 14 30 14 112 32 257 14 129 14 30 14 30 9 42 51
T2 27 35 36 59 91 8 53 18 19 9 39 302 8 14 30 14 112 32 257 14 129 14 30 14 30 9 42 51
T3 72 91 1 2 3 92 93 5 2 91 63 7 263 14 15 14 7 264 14 265 5 263 23 264 14 2 91 266 5 278 279 193 91 90 280 281 282 283 14 284 285 14 286 287 5 90 288 8 289 290 8 289 9 9 291 292 293 75 294 281 295 296 291 14 297 298 299 8 300 9 281 278 5
T0 51 91 1 3 92 303 93 5 278 279 193 91 90 280 281 282 283 14 284 285 14 286 287 5 90 288 8 289 290 8 289 9 9 291 292 293 75 294 281 295 296 291 14 297 298 299 8 300 9 281 278 5
T1 27 35 36 59 91 8 37 18 19 9 39 302 8 14 30 14 112 32 257 14 129 14 30 14 30 9 42 51
T69 25 35 36 37 107 8 58 18 19 14 58 108 9 39 34 111 8 14 30 14 112 14 108 9 42 51
T68 43 87 1 3 58 1 16 77 89 87 90 5 3 10 91 8 91 8 58 18 19 9 96 9 97 98 99 5 91 14 100 101 5 3 102 103 21 1 16 14 104 105 106 5
T65 25 35 36 37 107 8 72 18 19 14 72 108 9 39 34 111 8 14 30 14 112 14 108 9 42 51
T64 50 87 1 3 72 1 16 77 89 87 90 5 3 10 91 8 91 8 72 18 19 9 96 9 97 98 99 5 91 14 100 101 5 3 102 103 21 1 16 14 104 105 106 5 96 122 245 16 456 27 5
T67 25 35 36 37 107 8 55 18 19 14 55 108 9 39 34 111 8 14 30 14 112 14 108 9 42 51
T66 50 87 1 3 55 1 16 77 89 87 90 5 3 10 91 8 91 8 55 18 19 9 96 9 97 98 99 5 91 14 100 101 5 3 102 103 21 1 16 14 104 105 106 5 96 122 245 16 456 27 5
T61 25 35 36 37 107 8 186 18 19 14 186 108 9 39 34 111 8 14 30 14 112 14 108 9 42 51
T60 43 87 1 3 186 1 16 77 89 87 90 5 3 10 91 8 91 8 186 18 19 9 96 9 97 98 99 5 91 14 100 101 5 3 102 103 21 1 16 14 104 105 106 5
T63 25 35 36 37 107 8 141 18 19 14 141 108 9 39 34 111 8 14 30 14 112 14 108 9 42 51
T62 43 87 1 3 141 1 16 77 89 87 90 5 3 10 91 8 91 8 141 18 19 9 96 9 97 98 99 5 91 14 100 101 5 3 102 103 21 1 16 14 104 105 106 5
T181 43 35 36 43 48 59 214 8 18 19 3 14 61 43 62 63 48 64 9 39 65 8 64 9 42 8 37 41 30 42 43 67 42 140 9 3 18 19 41 70 8 9 42 51
T180 24 75 21 1 3 14 77 78 64 79 80 21 5 64 79 44 81 14 457 458 3 84 85 86 5
T183 73 35 36 116 459 8 88 18 19 9 39 8 23 129 9 34 47 129 145 42 37 460 41 461 462 112 42 8 112 138 41 30 463 463 460 43 41 30 9 460 41 464 42 259 465 41 4 259 8 460 9 42 459 8 14 465 14 4 466 43 88 18 19 48 8 9 9 42 34 467 8 9 42 51
