344 202 1343 914 286 30
345 1123 605 213 119
346 863
347 162 78 86 81 109 526
340 1103 769 893 425 146
341 224 97 107 155 20 174
342 1201 636 749 329
343 608
348 519 1209 967 74 44
349 973 1054 1008 654 754 525
298 339 958 498 317 15 2
299 235 534 385 589 286 30
296 464 178 632 1339 618 18 90
297 528 112 683 1374 200
294 212 437 367 131
295 56 990 1001 531 385 359
292 251 834 450 403
293 1055 1235 668 1230
290 156 927 1256
291 303 9 372 1070 198 446 460
199 235 536 813 113 502 438 90
198 12 196 411 567 473 584
195 76 139 518 395 112 521 1150 1028 181 159 161 357 35 48 143 213 210 368 58 190 441 112 267
194 11 8 10 6 435 622 777 139 1110 1203 597 331 62
197 126 507 1097 468 70
196 193 209 326 306 278 64 335 478 586 181 159 161 588 147 145 98 121
191 224 97 107 277 78 241 250 872 1091 773 1077 408
190 1025
193 962
192 1096 1007 147 145 98 121
270 176 50 53 65 149 998 417 302 157
271 76 610 462 314 26 125 2
272 89 238 250 121
273 978 535 425 146
274 327 300 143 299 429
275 176 50 53 65 149 995 225 35 48 96 3 322 132 183 263
276 356 570 583 594 354 451 374 120 244 1128 346 50 53 65 90
277 235 31 23 593 90
278 327 300 218 416 541 390 186 58 59
279 748 444 1319 221
449 11 8 10 6 42 246 537 1328 128 129 272 281 24 85
448 12 66 449 361 286 30
443 56 128 129 681 20 174
442 56 128 129 272 281 24 178 74 308 840 1205
441 310 677
440 551 751 925 577 26 125 2
447 911 299 795 455 1222 823 118
446 56 986 151 950 60
445 11 1074 1323 172 1009 534 387 104 102
444 76 613 249 62
108 1243 1302 488
109 224 97 607 9 2
102 12 66 294 380 546 369 138
103 252 93 340 561 785 815 413
100 55 241 1353 968 340 1245
101 170 400 72 490 81 148 138
106 236 414 1241 400 137
107 217 94 64 82 100 493 581 323 253 321 363 240
104 635 808 257 16 92 296 110 221
105 265 210 617
39 1357
38 12 196 411 567 473 1336 710 92 120 105
33 89 71 88 95 106 60
32 1173
31 551 1268 639 803 324
30 1340
37 5 13 59
36 29 166 544 491 790 200
35 916 1018 17 842 1049 200
34 55 132 1307 298 1278 408
438 1040 1127
439 338 655 945 811 405
436 432 793 1270 158 71 88 95 106 60
437 12 66 294 379 279 1373 701
434 56 128 129 272 281 24 85
435 432 792
432 5 13 261 352 94 64 82 100 164 163 114 9 2
433 11 8 10 6 206 192 78 86 81 109 234 204 47 36 40 9 39 33 1183 195 13 666 1337 171 152 93 207 144 91 220 127 247 226 248
430 99 19 22 17 37 1190 1297 94 64 82 100 164 163 114 9 2
431 11 8 10 6 206 192 78 86 81 109 234 204 47 36 40 9 39 33 537 184 19 22 17 37 1191 559 171 152 93 207 144 91 220 127 247 226 248
339 881 171 152 93 77
338 11 8 10 6 206 192 78 86 81 109 234 204 47 36 40 9 39 33 1180 1006 171 152 93 207 144 91 220 127 247 226 248
335 79 3 16 25 14 21 32 36 686 78 86 81 109 526
334 29 4 31 23 38 214 205 97 107 201 123 0 69 999 195 13 260 349 4 31 23 38 68
337 264 409
336 217 94 64 82 100 164 163 114 9 2
331 228 18 381 26 125 2
330 56 311 591 477 1069 1107 818
333 29 4 31 23 38 214 205 97 107 201 123 0 69 994 184 19 22 17 37 238 249 4 31 23 38 68
332 11 8 10 6 42 246 1181 1163 499 718 504 150 62
0 12 196 412 601
6 5 365 271 1005 280
99 212 439 14 203
98 251 832 370 574
91 428 1 0 7
90 424 951 1316 663 209 515 314 734 1313
93 193 117 344 223 2
92 283 1019 476 497 108 137
95 12 35 48 96 3 101
94 486 918 902 398 117 341
97 162 295 1104 585 292
96 362 615 577 407 633 1197
238 176 50 53 65 149 492 346 50 53 65 382 208 191 124 13 261 352 172 30
239 1023 1234 50 53 65 149 492 346 50 53 65 382 208 191 124 13 261 352 172 30
234 487 1002
235 222 1062 548 135 122 75 77
236 487 857 333 135 122 75 77
237 222 510 566 185 24 85
230 266 1032 548 135 122 75 77
231 388 1229 333 135 122 75 77
232 266 1036 566 185 24 85
233 222 1211
1 41 828 1144 1250 1159 1013 657
146 56 311 1356 550 474 402
147 12 66 852 1346 282 626 7
144 12 66 294 110 309 58 59
145 709 1362
142 55 554 732 78 241 1355 1075 58 59
143 56 128 129 726
140 1135 714 1156
141 939 549 459 221
148 252 93 340 561 787 1151 430 652 186 638 291 1226 582 119
149 12 66 293 291 1219 150 62
133 431 384 135 122 75 77
132 431 384 1258 735 404
131 285 404
130 936 814 290 750 1189 1369 157
137 285 722 1083 158 71 88 95 106 60
136 339 961 308 443
135 285 720 333 135 122 75 77
134 727 694
139 1137 919 1149
138 1169
24 224 482 600 684 511 24 85
25 338 148 64 335 44
26 1106 1167 23 593 91 15 2
27 310 24 178 74 44
20 910 760 642 467 494
21 485 740 541 390 186 58 59
22 170 587 869 238 250 121
23 1014 1264
28 251 831 270
29 212 436 1021 324
407 770 1318 1134 1322 1063 1381 992
406 915 774
405 318 812 670 477 1067 132 182
404 489 1120 1061 143 299 797 1221 956 761
403 486 922 603 631 736 1223 854 68
402 284 711 418 393 74 44
401 236 414 553 568 63 60
400 162 211 796 693 1010 1136 991
409 1281 965 1292 891
408 356 1288 859 393 257 104 102
379 12 66 293 331 166 1217 296 59
378 983 662 833 14 203
371 79 3 320 508 789 855 44
370 5 596 1231 420 332
373 76 612 253 101
372 228 92 707 1359 685 698
375 529 479 391 143 123 448 387 104 102
374 423 103 277 211 963 1066 673 378
377 243 1367 104 102
376 29 1043 28 448 678 527
393 337 153 259 289 1 0 7
392 913 1269 884 407 634 119
88 194 199 216 227 133 70
89 217 94 64 82 104 102
397 5 598 1238 198 446 460
396 264 746 475 153 258 1266 150 62
395 1365 712 1161 1329 806 798 1003
394 529 966 558 1207 1380 730 780 85
82 170 113 1041 543 470 557 564
83 215 406 389 422 1361 1154
80 12 35 48 960 420 332
81 126 168 347 315 151 219
86 29 166 544 91 221
87 136 323 253 321 363 240
84 89 540 1050 1030
85 5 73 72 987 576 15 256 456 180 138
7 5 73 72 116 167
245 275 302 157
244 264 114 9 2
247 170 706 614 24 85
246 358 177 427 312
241 1175 1079
240 1176 1262
243 170 587 454 1052 1073
242 1095 185 24 178 74 44
249 99 19 22 17 37 165 500 184 19 22 17 37 343 183 262 276 54 52 242 353 172 30
248 466 578 177 427 312
458 212 439 14 21 1193 2
459 56 128 129 151 947 111 115 4 130
450 11 8 10 6 42 246 1179 185 24 85
451 56 490 81 148 365 271 30
452 303 9 256 456 565 30
453 977 462 314 26 125 2
454 318 434 268 351 133 70
455 304 1260 1259 745 1327 976 585 292
456 310 24 179 944 894 134 44
457 55 556 410 643 270
179 55 555 108 72 223 2
178 552 1080 1242 825 329
177 265 849 454 174
176 640 1132 1133
175 136 563 739 1249 1252 788 86 505 239 2
174 89 1194 535 805 197
173 5 73 361 434 268 351 133 70
172 5 598 1239 148 365 271 30
171 804 1326 516 463 173
170 55 351 559 702 1282 1255
182 41 43 20 46 45 15 27 18 34 28 445 33 503 524 43 20 46 45 15 2
183 41 43 20 46 45 15 27 18 34 28 51 232 817 117 341
180 5 13 260 349 4 31 23 38 68
2 228 92 120 105
186 985 573 442 0 7
187 1115
184 723
185 41 43 20 46 45 15 27 18 34 28 51 523 699 653 1017 394 332
188 457 147 145 98 121
189 76 139 518 395 112 267
11 377 1047 1068
10 252 700 1210 62
13 193 209 326 306 278 64 335 478 1330 158 71 88 95 106 60
12 625 648 629 1000
15 5 599 316 189 245 131
14 972
17 193 209 326 306 278 138
16 243 134 307 575
19 867
18 783
322 11 8 10 6 42 87 67 3 16 25 14 21 32 49 61 1 0 63 26 47 36 40 9 39 33 83 84 1276 1170 345 273 1085 330 57 1 0 7
323 11 8 10 6 42 87 67 3 16 25 14 21 32 49 61 1 0 63 26 47 36 40 9 39 33 83 84 1283 1056 573 442 0 69 80 57 1 0 7
320 11 8 10 6 42 87 67 3 16 25 14 21 32 49 61 1 0 63 26 47 36 40 9 39 33 83 84 1272 837 13 658 80 57 1 0 7
321 11 8 10 6 42 87 67 3 16 25 14 21 32 49 61 1 0 63 26 47 36 40 9 39 33 83 84 1277 1125 549 459 971 501 57 1 0 7
326 11 8 10 6 42 87 67 3 16 25 14 21 32 49 61 1 0 63 26 47 36 40 9 39 33 83 84 1280 1174 19 22 17 37 165 501 57 1 0 7
327 11 8 10 6 42 87 67 3 16 25 14 21 32 49 61 1 0 63 26 47 36 40 9 39 33 83 84 1279 887 50 53 65 149 80 57 1 0 7
324 5 13 190 208 262 276 54 52 1285 1015 231 113 229 70
325 169 160 142 140 27 18 34 28 51 233 175 103 155 287 334 355 499 717 54 52 105
328 194 199 216 227 133 539 830 188 111 115 4 130
329 5 1375 672 125 630 515 30
201 76 611 609 1011 250 875 860 104 102
200 79 898 359
203 243 134 604 1046 173
202 5 73 361 810 200
205 284 450 403
204 1129 1152 988 58 59
207 136 511 24 560 1034 58 379 280
206 126 1057 870 150 62
209 29 166 1214 320 508 279 599 316 189 245 131
208 428 768 553 1275 1372
77 519 542 324
76 79 3 16 25 14 21 32 197
75 136 230 182
74 29 4 31 23 38 68
73 156 54 52 571 520 4 31 23 38 68
72 99 19 22 17 118
71 1348 319
70 169 160 142 140 27 18 34 28 51 233 175 103 155 20 174
79 532 231 113 229 1202 786 582 119
78 162 211 970 645 974 173
8 794
120 1166 981 1088
121 284 858 444 1315 60
122 12 66 293 291 1225 173
123 274 392 755 765 1263 2
124 12 398 845 538 241 1354 827 213 449 137
125 79 900 716 269
126 552 1081 117 341
127 424 308 61 775
128 55 86 505 239 2
129 274 75 1192 203
414 1094 181 159 161 357 35 48 143 213 210 368 58 190 441 112 267
415 883 671 949
416 5 73 1360 1092 1320
417 889 1172 225 35 48 96 3 101
410 337 153 259 289 1 0 69 80 57 1 0 7
411 275 530 383 298 779 25 948 929 117 344 223 371 523 195 597 331 62
412 11 8 10 6 42 87 67 3 16 25 14 21 32 49 61 1 0 63 26 47 36 40 9 39 33 83 84 1273 1301 199 216 227 133 539 80 57 1 0 7
413 433 1300 181 159 161 588 147 145 98 121
418 156 54 52 242 353 94 64 82 100 164 163 114 9 2
419 11 8 10 6 206 192 78 86 81 109 234 204 47 36 40 9 39 33 1039 452 54 52 1286 1224 171 152 93 207 144 91 220 127 247 226 248
319 1098 195 595 590 517 495
318 660
313 1364 180 1331 721 901 8 10 6 816 1287 909 1 0 1064 1142 822 531 92 157
312 1119
311 1213
310 79 3 16 25 14 21 32 49 61 1 0 7
317 1038
316 11 8 10 6 42 87 67 3 16 25 14 21 32 49 61 1 0 63 26 47 36 40 9 39 33 83 84 781 1351 54 52 244 1109 57 1 0 7
315 485 49 443
314 236 198 846 979 888 1303 124 596 547 461 290 759 586 181 159 161 357 35 397 1020 907 851 547 461 290 753 689 3 16 25 14 21 32 197
3 11 8 10 6 270
368 646 1310
369 12 35 48 96 3 104 624 669 767 119
366 339 957 101
367 1178 1208 1113 1342 2
364 362 141 187 328 297 360 1 0 7
365 55 350 24 179 472 269
362 202 1344 1236 1204 219
363 1131 45 15 2
360 29 166 1216 483 118
361 55 1246 602 117 344 223 2
380 742 1251 1165
381 1168 1218 370 574
382 202 1338 1171 1363 296 380 1215 527
383 56 311 591 476 497 108 137
384 318 843 1012 496 239 2
385 79 3 320 7
386 1240 1341 738 807 1254 731 969 943 30
387 362 141 187 522
388 984 1228 300 218 20 174
389 12 66 850 502 438 91 309 146
60 79 3 16 25 14 21 32 49 835 230 127 348 44
61 5 13 667 1042 231 113 229 70
258 917 1247
259 29 4 237 255 254 242 1296 1371 942 703 329
64 169 160 142 140 27 18 90
65 194 199 216 227 133 1200 1237 1185 1060 350 24 179 472 268 555 637 839 848 418 75 77
66 5 13 260 349 4 31 23 38 903 1377 1059 92 120 105
67 11 8 10 6 435 621 158 71 88 95 106 60
68 1090 1182 3 16 25 14 21 32 197
69 1093 1206 198 447 23 1370 921 240
250 1306 1350 19 22 17 37 165 500 184 19 22 17 37 343 183 262 276 54 52 242 353 172 30
251 1044 899
256 327 650 440 862
257 782
254 466 578 177 426 319
255 336 111 115 4 130
465 305 364 1139
464 5 13 110 480 1004 871 371 772 895 440 864 1311 771 134 307 575
467 305 364 1138 1048 188 111 115 4 130
466 1198 743 980 1293 758 230 182
461 659 865
460 305 364 1145 824 71 146
463 778
462 877
168 680 375 282 628 844 53 1376 359
169 11 8 10 6 42 246 1184 188 111 115 4 130
164 162 295 1105 258 565 30
165 528 112 521 1153
166 5 595 590 517 495
167 423 103 277 211 801 747 295 102
160 41 67 897 467 494
161 29 4 237 255 254 244 1111 1312 134 307 1299 1033 1379 584
162 215 26 933 696 820 563 744 1366
163 982
9 724
357 532 1100 568 63 26 125 256 880 906 292
356 5 13 110 15 372 1065 649 465
355 12 35 48 96 3 16 679 483 37 343 1309 153 259 289 1 0 69 80 57 1 0 7
354 89 342 313 514 469 562 509 141 187 328 297 360 1 0 7
353 89 342 313 514 469 562 509 141 187 328 297 360 1 0 69 993 695 542 1071 627 538 350 24 560 1187 249 62
352 29 4 31 23 38 214 205 97 107 201 123 0 69 80 1147 4 31 23 38 68
351 647 376 512 522
350 156 928 821 409
359 457 147 145 98 876 952 436 498 317 481 168 347 315 151 219
358 222 510 766 225 35 48 96 3 322 132 183 263
216 169 160 142 140 27 18 34 28 51 233 175 103 155 287 334 355 1022 1157 19 22 17 118
217 41 43 20 46 45 15 27 18 34 28 51 232 288 1334 148 13 59
214 136 230 127 348 44
215 5 13 190 208 675 1186 19 22 17 37 540 1051 231 113 229 70
212 41 43 20 46 45 15 27 18 34 28 51 232 288 1335 50 54 52 105
213 41 43 20 46 45 15 27 18 34 28 445 33 503 524 43 20 46 30
210 484 108 72 116 168 545 189 245 131
211 29 4 31 23 38 214 205 97 107 201 123 0 69 997 452 54 52 571 520 4 31 23 38 68
218 12 704 375 282 2
219 55 554 733 123 0 7
289 741
288 682 1332 496 239 2
4 76 139 1124
281 464 179 471 419 569 572 1 0 7
280 506 513 74 955 1253 453 366 301 325 579
283 1233 1314 1078 802 800 719 644 1325 1352 1101 728 1358
282 1290 1177 641 589 430 258 1267 269
285 304 1261 58 665 1308 1196 488
284 580 1305 119
287 937 841 926 691 240
286 580 879 964 1294 856 853
263 533 401 421 396 180 73 72 116 167
262 1089 188 111 115 4 130
261 924 1126 175 103 764 1143 108 137
260 923
267 55 556 410 144 90
266 975 391 959 475 280
265 126 168 545 189 245 131
264 336 191 124 73 72 116 167
269 336 674 1317 348 44
268 99 687 784
59 1289 516 463 173
58 458 345 273 101
55 176 50 53 65 90
54 1349 312
57 708
56 905 882 713 941 1122 1118
51 676
62 1158
53 156 54 52 105
52 1347 729
63 126 1058 623 309 108 137
50 251 829 381 725 912 896 180 138
115 126 507 1368 908 218 413
252 1045 946
117 5 13 110 480 996
116 29 4 237 255 254 105
111 217 94 64 82 100 493 581 323 253 321 363 1212 932
110 890
113 275 530 383 298 405
253 358 177 426 319
119 235 536 1146 1084
118 1199 934 373 1037
429 194 762 1298 546 369 138
428 283 98 874 763 690 525
421 1274 1265 154
420 661 1076 154
423 606 1140 154
422 358 177 154
425 304 697 1248 437 367 131
424 861 878 154
427 29 4 237 1108 757 70
426 176 50 53 65 491 279 254 1295 940 868 892 124 13 59
308 169 160 142 140 27 18 34 28 51 233 175 103 155 287 334 355 1024 1227 13 59
309 533 401 421 396 180 73 72 116 1053 619 1257 1244 191 124 73 72 116 167
300 265 210 616 1082 453 366 301 325 579
301 228 92 120 1284 873 558 543 470 557 564
302 506 513 74 954 688 366 301 325 1321 1114 179 471 419 569 572 1 0 69 80 57 1 0 7
303 274 392 415 141 2
304 99 19 22 17 37 165 1029 417 302 157
305 99 19 22 17 37 165 1027 225 35 48 96 3 322 132 183 263
306 356 570 583 594 354 451 374 120 244 1116 184 19 22 17 118
307 5 13 664 885 705 82 100 164 163 114 9 2
181 41 43 20 46 45 15 2
229 388 1232
228 266 1035
227 283 98 455 550 474 402
226 89 71 146
225 243 134 44
224 338 656 399 203
223 41 43 20 46 45 15 27 18 34 28 51 232 288 1333 1160 19 22 17 118
222 99 19 22 17 37 238 249 4 31 23 38 68
221 41 43 20 46 45 15 27 18 34 28 51 330 1148 482 600 1117
220 41 43 20 46 45 15 27 18 34 28 51 330 776
114 252 394 1164 886 74 44
391 303 1141 576 15 2
390 337 153 378
151 715 1087
150 377 504 150 62
153 989 791 178 257 101
152 484 373 316 651 930 429
155 202 1345 838 1291 465
154 938 620 386 920 1271 1304 182
157 458 345 273 16 386 468 70
156 136 1072 737 3 101
159 236 756 752 799 931 592
158 12 35 397 1026 826
112 433 354 158 71 88 95 106 60
399 12 35 48 218 416 1195 167
398 215 26 935 602 447 132 182
48 1220
49 489 1121 1324 317 479 692 1378 1162 8 10 6 819 1188 196 412 601
46 836
47 847 866
44 215 406 389 422 592
45 1130 399 21 342 313 1099 953 376 512 1155 809 415 186 58 110 481 168 347 315 151 219
42 904
43 1086
40 76 139 1112 1031 71 88 95 106 60
41 1016
5 1102
