142 20 10 3.031450
371 3 3 4.043051
451 1 1 4.736198
410 3 3 4.043051
347 2 2 4.330733
159 10 10 3.031450
31 10 10 3.031450
393 3 3 4.043051
30 194 102 0.794617
135 9 9 3.126761
319 20 20 2.384823
213 1 1 4.736198
208 8 8 3.232121
116 45 21 2.338303
426 1 1 4.736198
136 35 15 2.656757
314 16 16 2.596132
433 1 1 4.736198
189 6 4 3.819908
197 2 2 4.330733
67 20 16 2.596132
150 12 12 2.864396
363 3 3 4.043051
311 48 16 2.596132
258 9 9 3.126761
228 1 1 4.736198
320 2 2 4.330733
378 3 3 4.043051
415 5 1 4.736198
113 5 4 3.819908
195 2 2 4.330733
454 1 1 4.736198
12 16 16 2.596132
146 1 1 4.736198
359 5 5 3.637586
210 16 8 3.232121
273 8 8 3.232121
7 58 24 2.210470
413 2 2 4.330733
95 27 19 2.433613
46 18 9 3.126761
373 6 3 4.043051
168 2 2 4.330733
4 86 60 1.318472
42 450 125 0.593064
96 37 22 2.293851
335 4 4 3.819908
326 2 2 4.330733
364 6 3 4.043051
162 2 2 4.330733
132 8 8 3.232121
226 18 9 3.126761
161 10 10 3.031450
18 324 157 0.366751
16 111 51 1.478102
147 14 10 3.031450
336 1 1 4.736198
85 2 2 4.330733
175 1 1 4.736198
97 9 9 3.126761
69 4 4 3.819908
452 1 1 4.736198
278 30 10 3.031450
358 3 3 4.043051
286 6 6 3.483435
164 2 2 4.330733
374 3 3 4.043051
275 4 4 3.819908
130 27 16 2.596132
269 16 8 3.232121
220 8 8 3.232121
77 25 25 2.171249
330 1 1 4.736198
178 6 4 3.819908
463 2 1 4.736198
72 41 25 2.171249
120 61 23 2.251292
274 8 8 3.232121
99 9 9 3.126761
346 1 1 4.736198
280 6 6 3.483435
151 15 12 2.864396
361 5 5 3.637586
91 114 43 1.645156
47 100 33 1.902985
457 1 1 4.736198
369 6 3 4.043051
56 2 2 4.330733
267 8 8 3.232121
339 2 2 4.330733
421 1 1 4.736198
342 5 3 4.043051
10 42 24 2.210470
73 4 4 3.819908
409 3 3 4.043051
126 8 8 3.232121
282 6 6 3.483435
215 2 2 4.330733
209 16 8 3.232121
327 2 2 4.330733
240 2 1 4.736198
241 2 1 4.736198
74 16 10 3.031450
190 2 2 4.330733
422 1 1 4.736198
202 30 10 3.031450
328 1 1 4.736198
82 3 3 4.043051
103 9 9 3.126761
331 1 1 4.736198
121 9 9 3.126761
257 54 40 1.715774
366 3 3 4.043051
401 3 3 4.043051
20 32 12 2.864396
180 4 4 3.819908
59 61 61 1.302211
138 19 10 3.031450
28 12 11 2.944439
293 6 6 3.483435
76 5 3 4.043051
414 2 2 4.330733
186 30 16 2.596132
221 8 8 3.232121
124 9 9 3.126761
235 1 1 4.736198
21 157 64 1.254958
294 6 6 3.483435
9 805 191 0.171850
265 14 14 2.721295
70 2 2 4.330733
93 60 27 2.097141
345 2 2 4.330733
17 92 40 1.715774
112 77 76 1.085540
425 1 1 4.736198
211 1 1 4.736198
334 1 1 4.736198
158 9 9 3.126761
412 2 2 4.330733
424 1 1 4.736198
377 3 3 4.043051
368 3 3 4.043051
461 1 1 4.736198
14 1023 208 0.087011
436 1 1 4.736198
43 144 74 1.111858
395 3 3 4.043051
34 184 112 0.701958
26 56 28 2.062050
323 2 2 4.330733
322 2 2 4.330733
392 3 3 4.043051
6 22 12 2.864396
404 3 3 4.043051
439 1 1 4.736198
306 4 4 3.819908
174 2 2 4.330733
60 5 5 3.637586
156 9 9 3.126761
353 3 3 4.043051
106 9 9 3.126761
184 8 8 3.232121
199 10 10 3.031450
313 48 16 2.596132
133 8 8 3.232121
247 2 2 4.330733
242 2 2 4.330733
437 1 1 4.736198
36 126 126 0.585159
45 9 9 3.126761
38 11 10 3.031450
57 38 11 2.944439
160 9 9 3.126761
144 12 10 3.031450
362 6 3 4.043051
304 12 4 3.819908
466 1 1 4.736198
65 12 12 2.864396
384 3 3 4.043051
141 33 18 2.484907
233 18 8 3.232121
380 3 3 4.043051
234 22 8 3.232121
83 1 1 4.736198
312 48 16 2.596132
107 9 9 3.126761
33 57 29 2.028148
137 9 9 3.126761
227 16 16 2.596132
244 6 4 3.819908
2 82 32 1.932838
462 1 1 4.736198
179 1 1 4.736198
123 9 9 3.126761
105 20 19 2.433613
243 3 3 4.043051
360 8 5 3.637586
3 361 130 0.554148
340 2 2 4.330733
428 1 1 4.736198
407 3 3 4.043051
318 18 17 2.538974
431 1 1 4.736198
25 10 10 3.031450
0 144 38 1.765784
169 1 1 4.736198
1 187 99 0.824175
385 3 3 4.043051
152 9 9 3.126761
185 16 16 2.596132
212 5 5 3.637586
260 9 9 3.126761
309 8 8 3.232121
78 10 10 3.031450
157 10 10 3.031450
316 2 2 4.330733
396 3 3 4.043051
246 9 5 3.637586
253 9 5 3.637586
80 4 4 3.819908
214 4 4 3.819908
205 33 24 2.210470
129 111 70 1.166666
11 10 10 3.031450
153 9 9 3.126761
456 2 2 4.330733
397 3 3 4.043051
32 86 60 1.318472
191 2 2 4.330733
279 10 10 3.031450
127 8 8 3.232121
405 3 3 4.043051
381 6 3 4.043051
41 222 77 1.072637
355 2 2 4.330733
22 12 12 2.864396
465 2 1 4.736198
432 1 1 4.736198
88 51 24 2.210470
125 9 9 3.126761
19 324 157 0.366751
188 7 7 3.349904
299 9 9 3.126761
245 4 4 3.819908
218 8 8 3.232121
268 8 8 3.232121
270 12 4 3.819908
154 9 9 3.126761
308 2 2 4.330733
348 2 2 4.330733
51 137 125 0.593064
372 6 3 4.043051
252 2 1 4.736198
251 2 1 4.736198
177 11 11 2.944439
8 805 191 0.171850
343 3 1 4.736198
68 4 4 3.819908
449 1 1 4.736198
23 89 53 1.440362
239 1 1 4.736198
217 4 4 3.819908
222 4 4 3.819908
443 4 1 4.736198
219 8 8 3.232121
365 9 3 4.043051
249 1 1 4.736198
276 4 4 3.819908
35 126 126 0.585159
386 3 3 4.043051
102 54 30 1.995358
75 8 8 3.232121
230 1 1 4.736198
49 18 18 2.484907
100 23 19 2.433613
420 2 1 4.736198
172 1 1 4.736198
303 9 9 3.126761
86 2 2 4.330733
271 8 8 3.232121
182 8 8 3.232121
94 8 7 3.349904
63 20 20 2.384823
333 1 1 4.736198
416 2 2 4.330733
231 1 1 4.736198
108 18 9 3.126761
284 6 6 3.483435
344 2 2 4.330733
110 6 2 4.330733
183 16 16 2.596132
402 3 3 4.043051
419 1 1 4.736198
27 108 46 1.579198
54 2 2 4.330733
71 2 2 4.330733
292 6 6 3.483435
194 4 4 3.819908
310 16 16 2.596132
262 10 10 3.031450
40 67 19 2.433613
341 2 2 4.330733
297 6 6 3.483435
406 3 3 4.043051
352 1 1 4.736198
442 1 1 4.736198
266 14 14 2.721295
5 397 101 0.804373
277 8 8 3.232121
259 20 10 3.031450
417 2 2 4.330733
48 50 30 1.995358
430 1 1 4.736198
450 1 1 4.736198
460 4 1 4.736198
87 18 9 3.126761
256 27 9 3.126761
370 21 3 4.043051
140 38 38 1.765784
338 1 1 4.736198
283 6 6 3.483435
29 11 11 2.944439
58 31 16 2.596132
204 12 12 2.864396
61 2 2 4.330733
255 9 9 3.126761
289 110 25 2.171249
166 2 1 4.736198
455 1 1 4.736198
350 2 2 4.330733
264 94 36 1.818428
382 6 3 4.043051
118 1 1 4.736198
302 28 28 2.062050
296 6 6 3.483435
354 3 3 4.043051
291 18 11 2.944439
193 56 38 1.765784
98 9 9 3.126761
367 3 3 4.043051
89 9 9 3.126761
399 3 3 4.043051
200 10 10 3.031450
383 6 3 4.043051
467 1 1 4.736198
444 1 1 4.736198
307 2 2 4.330733
321 2 2 4.330733
248 9 5 3.637586
254 9 5 3.637586
375 3 3 4.043051
39 143 126 0.585159
394 3 3 4.043051
438 1 1 4.736198
167 3 2 4.330733
459 2 1 4.736198
329 1 1 4.736198
115 4 4 3.819908
52 2 2 4.330733
101 11 10 3.031450
237 2 2 4.330733
238 1 1 4.736198
84 2 2 4.330733
13 58 28 2.062050
272 16 8 3.232121
281 18 6 3.483435
134 25 25 2.171249
429 1 1 4.736198
388 3 3 4.043051
81 3 2 4.330733
398 3 3 4.043051
315 20 19 2.433613
24 20 10 3.031450
176 2 1 4.736198
458 1 1 4.736198
170 2 1 4.736198
445 1 1 4.736198
117 1 1 4.736198
324 2 2 4.330733
201 10 10 3.031450
453 2 1 4.736198
92 23 18 2.484907
423 3 1 4.736198
104 14 14 2.721295
173 2 2 4.330733
391 6 3 4.043051
192 2 2 4.330733
171 1 1 4.736198
196 2 2 4.330733
317 16 16 2.596132
351 2 2 4.330733
448 1 1 4.736198
229 2 1 4.736198
62 29 25 2.171249
128 19 15 2.656757
403 3 3 4.043051
263 101 36 1.818428
408 3 3 4.043051
261 36 9 3.126761
464 1 1 4.736198
109 4 4 3.819908
44 16 16 2.596132
400 3 3 4.043051
139 8 8 3.232121
66 4 4 3.819908
287 6 6 3.483435
337 12 4 3.819908
349 2 2 4.330733
55 38 20 2.384823
376 3 3 4.043051
387 3 3 4.043051
15 24 24 2.210470
285 6 6 3.483435
225 32 16 2.596132
301 22 22 2.293851
236 1 1 4.736198
53 39 24 2.210470
427 1 1 4.736198
155 9 9 3.126761
356 3 3 4.043051
305 4 4 3.819908
79 6 4 3.819908
288 9 9 3.126761
111 9 9 3.126761
119 38 26 2.133509
389 3 3 4.043051
232 1 1 4.736198
357 3 3 4.043051
149 9 9 3.126761
447 1 1 4.736198
440 1 1 4.736198
165 4 2 4.330733
216 2 2 4.330733
379 3 3 4.043051
37 219 110 0.719815
143 1 1 4.736198
145 46 25 2.171249
206 10 10 3.031450
64 20 10 3.031450
224 30 23 2.251292
114 6 6 3.483435
441 2 1 4.736198
207 11 10 3.031450
50 18 18 2.484907
446 2 1 4.736198
390 3 3 4.043051
434 1 1 4.736198
203 20 10 3.031450
418 1 1 4.736198
250 1 1 4.736198
223 4 4 3.819908
148 1 1 4.736198
435 4 1 4.736198
332 1 1 4.736198
325 2 2 4.330733
131 19 9 3.126761
290 6 6 3.483435
122 40 19 2.433613
411 3 2 4.330733
163 3 1 4.736198
298 6 6 3.483435
90 24 18 2.484907
181 25 21 2.338303
300 6 6 3.483435
187 4 2 4.330733
198 11 10 3.031450
295 6 6 3.483435
